pkg_state: latest

timezone: Europe/Warsaw

username: mps

ssh_key:
      id_rsa: !vault |
        $ANSIBLE_VAULT;1.1;AES256
        32326234333933613565383065656535313735653435643933333633356237613464383530613261
        6131316564323333613835613032663235393862383863660a363936643463343834343738346337
        64616532366431616434636230386632313236623231626239303763353533616633393631376565
        3364356663383565370a313832656265346133326266306338656530666661643730366639643266
        61313630353363653238623639623934386239613864356438373963346433396633343233353264
        34386663666566356664303038643563313539666138393837303663653435636635313336333165
        64323763653933626434393862313635373531623163633636636661356334653561393132343238
        36333338613266323865393066373735386532623766663634333339393832643065616632313762
        39303337633435666631383963326130386138643932316661356438643561313839356334333330
        37343337656130336665636433303531316639363135303261626530663539393862366339393766
        66353165356537626433333739663434386463613833653234643034623066306163303038323835
        64643732386235393331396439356335643639626133316534623636316532633162663962613135
        38333730363865363038303762346332393164313631656265346136656262636664393136653665
        37316137323934333266323866383839336330313134353731306232663334613633393364383633
        62343836323631366565306436313234666161653032646462336233613939363235633765356466
        63623433643963316330326264346432343031356334333764626633653263633062356133653637
        34336532303831613833663565333433333365353066343537323031633039353463393033643265
        33623736363565643932646435366562386163353834363836623335323336343230623531333566
        32666432653639396538386462336233356131353861653435616133373262643764316136336666
        65643365393864653563316632386435366263396333363836346235613232353833653662323439
        65656237373931376238336335323139636333663338323738396234626531356131633966356666
        38616464353931363335393439393530633037353034383433383561326633643232386635633434
        32653435313438613933313036656463613734356433663236633364316431373035623865383566
        39376333663037373863333464653063383363653834346635366663373635623164383937363431
        32373861643864343566373733303739666235383365386335333832356435376430323339643135
        64343765653162363131393131623936663234346363343864653761393834356136623562376266
        64643733366134383461343062646265656133373632306631663263396665313634663231303137
        33363962326166363930633039626465386235353364303535666630323233633562393539303834
        34626534396439353766323562323064343735333033333566303665646336633164393135653030
        66616233323734383363393063303539393435633861343037666539313636396166326365666535
        37353364343337323663663938313937366232353732376465306666623961623534383434303739
        63663232386266323532646438646634323163353539646662396531646237663338646365373236
        39646537343235353437393866313332333033646261363538323434313363356165316464353637
        64626135313637336434623866636665393464623963326531333763343530666434316662376566
        32616235666532613435366236343861373165653730396132376334663536643933323030633935
        61386331386630366565626134333937393939386335326364373462373338613536633236663131
        38323261316539663735663937393232313132353030643539323130396535353830646438306639
        38613736303131633134613335396236633964383931616632396131313864646530343061353564
        38386632653133643466313830373433303731346439653839383462633063313264303761343632
        33646466613038626130336465616231626530633833303939373238323237386537633566376636
        31376263393331313663336635643861653761646561303263363434623730313864396433663463
        35353130666337616264353430386362373330396662633263616166303637616265353964326534
        65393034356134303264646566613338656165343839316336616337663733663963373064326331
        64663139353033626334383039663065396463336365363163666562656535373261356134396230
        39623064643763353364643231346638646132643038333362366235313539613538373962663335
        39393565383736363433326666356561633562373666663837626366343464626131663438393830
        39383535316133613062303561633639313463323836373666326538326634346266626430363337
        34333236376365346434386235366532313831396136326538303239373634393666303836613334
        35613732336466666163363435376331646562363761656230316633383430663236376564643233
        34643866646236376436623639396439666137396135316363353235663230333766623139643438
        38626239363933653031366338343064313238363162373764626338643739613138623066643831
        65316235653964313937376463363239653737363430623365613434386463353662353932656631
        33326633396564386363386261366565353939626339636632306261636237346336663030366638
        33316434356430643839653638386364383066393433643764326263373563363934373535633138
        32383964323535373563353962376166323565383733616539343161663362616563303865353331
        35316332333738666330343265336466363730363834326637613731323730646139353131643762
        65376137393061376265373131653633373062363163383635323638346437303764356434633766
        61303565303637666562613538363331363764666662383863663237663139613039663063326565
        35653266396361646465393933316532303261306330353931653033336538326533396430623363
        30373832353434646236366163633364383232383561326263616430303333393466313331663062
        61366636343838646236363162613864396365653137373534333039303563316538386139316134
        34323834376462343261363633306539306232623231663330393038666136663432646165653633
        64396332343139366336346235663232343238303932616536636537623564363432656437353933
        64303563376636613830386665363762306161303332393338623361323662626230656437376132
        32313338623838666635656333303362646161663139656235643266343235313030316466626531
        37663134313365653262613737393761396364373938653063346566356463363833323732336631
        62333137386561356639393435373662383964626330343332313963383130356266633930303064
        39336235393662653864386536613735643634653439383732643238323165666261663962386666
        65373235623763326633623161356261623037333738346433656434656165346131393163653462
        61363362396533666235623636623261313930633238383531303131323330363466353766663861
        63306632653733366333363436333239316436376366323538633732373835333038363732346234
        62623765333565363062643936613231393664373733303562306631623232366363646565383233
        61316334363766323435336538376239343839356537616237653064376330326239636236663239
        63616437306264663662373164376338663638616635356336653631616164643163346639626332
        32383765396261336236343431373363653266373832373539333532366231326662373263383964
        61666238623763663037623861323130396239333364306461316237386562313837376166663337
        66653438323464376437376233663330346130343438633265383762336632653830343564303330
        64333237353965313163396164343666653439643664636262323636646131626132306662346437
        32323032353533333736303263613465333337353262386238633664343936653162313464633136
        62373837323438313161326334343666353736393838313963613039643066366235343837313434
        35633335626533343638356232613235346463363436316332373839373666313538383735393837
        37633663333438363164313363646236633632373631626234666337656333343035356462633564
        39333164373038383534643031326339653866626231373464366537636135343264643635383932
        66636161623861306163663738323761393064623830313636373933356138303039356465646365
        36663666383439306564616461393532643235666632383465653739323034316362393861616332
        64643337646665353333653130623966313138373137393231636161366665303738396439366365
        64346264636564646466613733303038656337633265613461653031653665663732653330343934
        34343861396161626561373865636639313934393531643763383166313930623762343265336330
        63393733653935343638356633666461383664393463373666383262626535326631613436366566
        34323535326462323138326436313534313361303631623632646335393336343865326565333731
        33343661386162333033663364613937323431376538333433383235633535376265646539363563
        61663866663631656633353034396663383034316336633234663230643363613731613235616334
        32323033346432373065653437313062666666306566373234633537393134313437663065396462
        32633064343935353661393838646634306236356563663935643765373963633562393536626164
        30376563636332366362653061383466326263626662366437343863633561313765626535303332
        31653166373037333231383162333036613035363034326234633139636338386331663830623832
        66663834623031346637316236303738643734333766373132613066383762373130373636323637
        66386335373534643738303533663166663664356636646531633065333866303137636561663933
        62363434653436386630393630633563383239363639646531633866623336303163666162656439
        61663438356565373530623464373566333461313330383663633363626132376536613334383435
        37663430666334663731633237646264323163643330343465333163653161356138653039636431
        62613538626238363034316562396434623936656537643037613730376333616531336631393438
        36393561343565306235383737363332393138623330366434626530373934613363323335376633
        63376663623737343032343632616265633764346430316161316538343464613032323637343630
        39353035316532616463376138336334323163643236313066656530366433363365623363386533
        33333264303836633261333064353038356433373230383635333839613736333838643734663530
        31353866353965366631663634383139623838643633653263623335656664623038666436626564
        64353663386436333664356261393036633264303064616434633765623035643866333138643934
        37663833353534663630303032316133306564653634613739356462303163666565653836623730
        63633739666330633765656264316536336433393337383661366465643336313865653232653132
        34383930396137356532643964663831373663363032373165623835653264386562386538623633
        31343566623664343065363039306232343066353462353064333264653831626465643834663739
        32343836303737336535373161373430346463623930356233666236383835663837623330326237
        63313136633235393465306234636132363339356238343132373265323262363033646333313335
        35366563333264383830633964316536666236663165313036366263626663393366353036313234
        35393636346563666230303035316431346330363561306263663266343330653664633066633336
        35356532383334633136323630303061333335383535663533373435333333316131393038356462
        34366135303932343533653164646536666364376534653238373434306536646633343063613336
        62646539303933303737636362613265353037323161376430373931613131636162363366666638
        39323735326362643030613064346433383239393865666133343761373933393564376436343533
        31636532303632396237323436623363396466646232626434336331623233383665383630613466
        64303866326533303233366165616535323636333434613939386461396162303665336438376132
        35363630366466316262386565373265363138616336373639303963333037353562616366653533
        39386637613830663538666566336636626330313161313165623935663234623237653466333639
        33363435376131646632326538643438623433633734626435653661643233643763653634656237
        38633833346539343466633034343133313564346263333633646235346434313166346430386630
        30323462636366396261666263373338663561363134373166343734353862343539666332653634
        39326630383162633435316465353430323365326263383336356536373534653633613063646261
        31333762336566623830356438666436386433323661646635323664393437373264313538336462
        36616163393463303761396563346464363561656266616464663331333964633438316565336164
        32666566343133376336383765343433613963646566616662303365306438656461643732396136
        36613466353662383164626165323361356531646666303164613939303564623539313934373238
        63313039386166306533653435306161653361306561303738303935653465396331346131313136
        33613763323532633338653232626661333138363530346131346163326162373266636535663366
        30393231633533313937336262376234616332386533393532323163653838316465306332323465
        61306364333434366233653963383638333864643161383264376533363030343932313530313161
        32366538376634626664326335373333323030373265633931343935383766303638326439323433
        37303862363830373134636164303435323033656664366537653361333734663337663663663532
        35383030303865373231643664326633623934303061383232616236643337646233316533376333
        35646330333930353736366466336634626339663466316437616330353839333038323636643731
        30323038373566653865323635396564666436666366396230656139666461633538353233626262
        32383733366265616163303536663538663335383038326539353334646337306235353533646135
        33336431336538356461636335653063386232316565663034343236653864386164653666666138
        30346238366166396338386533333165623765633932343234393434613030303064323237346438
        35353833653239366633613530643430643437613433323961643665633966386166393239353266
        63613839663136373133663537626130396233393262366664346166323161326339383034613238
        61663766343563646338383534356336393364353930623831343034376364623534323039303639
        31666434653734353435376537633031653465636165643437393031326336313036633735373136
        64326337636430353633646332623065663966653230313039653439303232303765356162383633
        31633061643632386531333231656432313530626565346163356335666165313562613134386465
        32333733366132653736613234656534643530616565353734653666323637663837643638616533
        33343163343763363163616461383335653535663837353432386633393164346138653230633265
        62626537393635323235326133316534373563343531373036393564643230363134323634633961
        64363562613231666531623165343331653463643030333033333863626263616362633062373930
        33383165643364386566386361623064336135333635393832616366343335316431653433356130
        65656437663265616532636662343135303236363839653364316531333763653466636262316161
        62333536306633356531343533363833303330666464316638663466353930633137333261613132
        65653662333334373138356432383239363866363833346535346466353962346433623233623233
        34653639316664656438306131343036666565376562333032616136613263373638373735303464
        32633535333461326435393237356139383864646133336561636230626636323162373936636230
        62313762383065336166316539333233613331373532646435356364343535376132373563623333
        31343962336231636661623365356363646564366439336435323663373236646137356265353965
        35303964313339353466646637356537623131663537323966343734393966633766363437366131
        66326366613131346238353962393138646334636438633563356164346162653634373064613338
        34343362313465633636306535386635383764633137336439303232306335376638626430336133
        32323635336466363736386462653033356538333462343737353931376266323438616633393337
        33343135633532353864643864356361343731343539346335353161663661353331653137333031
        34623766643731646337653233653166303433303733653762313236306562356235396361313737
        36626537306533646462346135333761656661306535373035326139323563633039336662326131
        33383232613330613732316361353864366336313331386262373031626362656161663932363639
        62393065626333643537386533663664643939613537313231373639663561323031643030653664
        32656363656363333239356139323064613232306538343962353036646635663565336565363432
        38396335313836656164323066636664653562303562323936393135616365643531
      id_rsa.pub: !vault |
        $ANSIBLE_VAULT;1.1;AES256
        31636362633066626335666166646665626562666262613132633339346332653663383333333236
        6462323338333334326232376261393737383130633935310a393832303234636631383231666663
        65373031343365646261393737326331313538353561373762303537383165623436356539386235
        3637303038316239650a643932666232363233363935316463616163643062343064396565353430
        34383264663063633133313262356665646638333838306133646635333462313932306631626264
        33663232323661666565633566353137386335313136343163393561626264653139336231313865
        66316636356432323431383938316464643430656430353537396132303533363933633234633536
        63643865666666343432323038326232643163336164346163373562633064376632636534653361
        36346232343937623230316636366166323863353032353365643264626162333163653135316363
        37623232306438636335396565393962633137313762336563326664333162613963636237323936
        30613132303332363934393164653863303964326564643061383962336334363364653234386437
        63343062393530386338626534646333663231306532386239653564383365613336613232626439
        31653630623261376665363234326139383332653538663133313539653865366336643636616138
        30353863633335656333373438616437623966363837623734333439633066636263303332316265
        37636663663235656165333261626432336236623137386338633638636132613164353766376463
        37353932383864653962616330353936656239393832343236393036343435353536353666323465
        37663834376166613934633261373762623336663565613932636464653939633765646238346266
        34306533633463396362633334383131363536346634343239373065306435373735333165616263
        34383665653934353437353738613066663933316439633939643631623266343533363165323639
        31666535656136333034313535613663393832363439653731393632323366666532653832373935
        63643538336162383032353464633136363666326630383839353237323365313566663138343066
        30306664376662383961653534623463393532636338663161373036636338373333323038383564
        31326161626636663838666536353637306562663739343235303834306431353637363830373363
        64646363653562393866303663653531383237333133613438313161343566646163636361323662
        37626163306661383966623537613331633863373763323831623666646437646366383634333735
        30303636353063353363363033353562623636363438323736646433393762656236356133323437
        62303437633330393431306631626136336663653032326431313038353062626639626231613161
        63343732393961316331623761343366363261396561343834366566623265383835383631633466
        66303835633430333939313866356638343532623962386561613831656233366539326338346137
        33333832653138376262333737636338313939323239643465376439363262613630643435336234
        61663066653133643438326562613233656231656231356134373261633337633034333362373635
        62333237646538613630373563633230316438313665323130623561303333376361316439626132
        39646337356266363331613633376238653961616238636236626261666232646138356666373133
        33356661396666616366363534386437303835373436343930613462303232323939616232303038
        31356633303764376238356335303564616462646661383266616235366131346366623137663063
        64303938616564633366336365653339386564373337386638666362346664303334616338363537
        39656635653032613730616366383363373636653736306138356336326539383239613136653164
        62633761316631613735626165376262366632666534663161386462396466393232396362303461
        64303333333537663539323530646665363033313738313136623133623134346336626536306565
        66336135666337333832343631646335323037643433636231623432646635643030373434343637
        35616630376163323539616435343333326135303965613463656530356331643565393630386165
        3265396434353835646333653136356636303065623565393134
